11418118

MS

n» ι ¹
Ι Β..

*nu-u·-

Nou. 1181111111 4 ibim 41111 , 1111111111 C 01118111.

A.

48118111, bv. 41 (11118111, 58.
415.

418114 (δ1.),886. 805.

41811411, 88.

411114,11. 41 Nautes, 78.

44118114, phe 418141111111,
40. 808.

4111181111, e'v. 41 1111, 878.
875. 884.

4111184111, e'lu ἐν. 41711411,
480. 481.

44111,1881’ 41 81141411, 588.

4111,111’11111 (1111110111-
1114111. 590.

441, femme 41 nugae· (80111,
848. 441, femme 41 sinon
40111, 886.

4411 41 Belou, 560. 888.

44111111,μ11,78.

4111111,11.1111111, 78. 457.

Amin, 488.

41114 , 1881 4411811, 588.
880.

41114, achim-privat, 111118
M 41 muchium, 588.

41114, e'v. 4111, 500.

418114 ou 44118114, 11. d'u-

111181, 886. 867. 870. 814.

Aluna, 111811. de Reim,
160. 845.

418111, 11111141 vermandois,
147. 478.

41811111,1111114171111114111,
870. 818.

418111,111111 41 8141411,
368.

4181111, bv. 4101144, 89.
450.

4111ἰ1,408.

41418111, 111111 4011111111.
805.

4141111111 (st), 58. 50. 854.
418. 807.

41411,189.

41411 davida, 585. 855.

Alexandro 1“‚pape‚ 117.

4111, 11111 41 st. 1118111, 811.

411111, e'v. 184588. 499. 848.

411111 111 11111, 817.

4111111111, [11411111 duanae«
11111, 818. 406.

41111111,111811.41 71111. 08.

4111111141, 45.

411114 (sm, 58. 117. 884.
840. 807.

 

