596

Amana, prieur 1166116, 565.

1661 ( 91.), e'v. 16 8666, 59.
999116111.

166566ςε,59.

16661616, 661616 66 11616661,

111.
Andri, chroniqueur 11661ιί6,

555.
Δ6161,6ν.,18.
16166, 16. 1’.1., 559. 518.
16616661, 66. (16 G· 61 111.,

159. 155169. 165.
16661666 16 6116666661, 591.

559. 511. 551.

1666611616. 1616111666, 58.
Α66661,666566.16161666,118.
180. 915185. 519.

166661-16-11666, 66616161166-
166, 191. 155. 119. 150.

158. 165116.
mom-leaena, 169115.
Α66661,666616161166166, 518.
166661, comte 16 valencianas,

56. 181. 166. 189. 999.

199. 505.

166661 (st. ), 66. 1611616, 99,
166661, 66. 16 1661, 18.
166661, 6611616666616, 89.

95. 91. 115. 111. 181.
166661, sire 1611661666, 955.
161611, 6611661661 h 11666166.

16 heims, 195191195.
111116, roi des 11666, 90.
1616661161), 661611. 61121. ,

91. 55. 51. 56. 51. 959.

951. 958. 959. 111. 115.
Audenam, 50.

um

Angustia (81.1, 19.

1661666, 915. 196.

meme, 65166666 sum
66661, 196.

16616661ιί16, dv.. 18.

166116, bv· (161666, 919. 915
911. 519.

, 166116, 6616116611, 118199.

185188.
B.
11611166(81.), 910, 508.
16116616 66 flandri 16166616.
16 11696, 951. 959. 959.
969. 965. 995. 515. 511.
518.

16666166, 101. 108. 110. 516.
590. 599. 559.

16111116, 66166 166 Franks, 51.
115161.

16616616, 199.

16616616-16-0166666, 666616 16
1166166, 99115.

1661661611, «lit 16 Jerusalem,
666116 1611616661, 556.Ι

16616616 lv, 111 16 nath,
666616 16 6166166, 56. 186.
189. 190. 191. 991. 995.
998. 911. 915. 505. 519.
199. 181. 188. 509.

madenia-lemnum, 505.

16616616 V, 111 1611116, 66116

· 1611166166, 518. 591. 555.

16616616 vu, 1111166116,6“16
1611666166, 518. 566.

mods).

555111, 1316 479·

166611111, pape, 73·

 

