ὲοο

ὣ

(4411444, comte 44 minut,
448. 475.

44444541,,4’1. 44 C. , 508. 574.
574. 558. 559. 560. 565.
nuntiet 64 (44145444, l'uu 444
tonantem d'Anchin, 558.

555.

canalia, 4444444 44 chale· 44
simple, 404. 455.

(444444 ΙΙ, pape, 579. 567.

(4445444 (414443414114, comte
d'Anjou‚ 454. 476.

4344544541. 44 Parin, 559.

Georges, (st. ) 946.

(444414, inergumeno, 940.

9444144, bv. 44 G. 44 4Ἀ., 900.
904. 905. 908. 949. 990.
994. 995. 994. 995. 997.
944. 550. 597. 490. 494.
504. 544. 545. 594. 556.

(44441411, dv. 44 ss· 44 du..
508. 554. 554. 555. 556.
558. 559. 560. 569. 547.
550.

041414 1⁶¹.. 441144 4444444,
957. 544.

44141444414444, 580. 568.

941414 5414444454, 589. 590.
579. 575.

(4444444, 14454 marchand, 545.

unberga, 4414414 44 44444 401·
trema, 408.

(4415414, 444544. 44 1444444, puis
44 namne, puin pape, 4444
14 nou 44 84414441411, 479.
480. 487. 485. 487.

74945

4414 (st.) 41. 44 G. 444’4.,97.
98. 54. 905. 945. 449. 599.

44411444, 4554 44 8.-44414,
579. 580. 584. 566. 567.
568.

omnin (44), 41. 44 Puris, 995.

Geth-ude, 4411144 41114444 ΙΙΙ
40444, 870.

64441444(844.),447.

flemis, 414544. 44 neh, 577.

4544444414, 405. 446. 447.
504509.

(45441444 (st ) 55. 958. 507.

(4441441414, 444 44 44114444,
405. 455.

64444444, 41454444414, 485.

(44444144,41444 44 4’4’4. 4449414
4“.,955.544.

(44444544, conte 44 7414444 44
due 44 4445444, 449. 455.
454. 458. 940. 947. 957.
959. 964. 965. 996. 475.
474. 476. 480. 484. 509.

4444441, 444444 44 4544444 44
0., 477. 484.

4444444444, 41. ss.. 559. 548.

4441445414, rui 444 longui·
gnon, 41414 44 clotilde, 46.

44441444, femme 44 mire.
89. 85.

nonalia, (044444 44) 4554
4Ἧ444444114,497.

0444441, 4145. 44 9414444, 74.

Gonnum), 944.

enthelen 41 44414441, 444 44
tantine. 505. 544. 594.
598.

 

