606

44146164, 447. 446. 449.
455. 456. 955. 956. 966.
549. 474. 475. 460. 550.

1414116 (4666646), 565. ’

num (44. 4555461), 407.

44664516, 166666 65416646, 556.
554.

4141646 66 plut& 4466166, 11-
6566. 66 4464641, 565. 575.
569. 599. 594.

41664, archev. 66 464116, 577.
569. 566. 569.

44166441,66414666 (41615614,479.

41664 either, 546.

61664 16 41664656, nutem· 66 11

· vie 66 st. 4445614, 547.

4411646 (4616), 16436166 66 4466-
πιςοι,556.

44145666 ou 44645661, conte de
4411666, 954. 545.

4166661416, iv. 46.

4416166116 (44.), 449.

4646665666 (44. 46 56666 de),
509. 444. 567. 577. 576.
566.

446466 (646), 505.

46466461,59.

nemi (444.),116566. de 464611,
44. 49. 49. 949. 405. 440.
445.

4466666, 664146 66 14141664 ,
446. 475.

leniet 66 nith , 505.

44465116, 1554 66 44664161, 969.

44465114, 1556 6441141664, 955.

mmmmm-uuam
..6666664664

mu

4465146, 1554 66 stavunt.
499. 497. 944. 594. 466.
4465116,1556’ 66 416616, 66
6166666. [ubba. 466.

964. 546 595. 554.

44465166, dne 46 46661166,
996. 466.

lichen-eunte 61 44146114, 446
475.

44654466, contem 66 m,
544. 546. 549.

. molor, 46. 66 emmo.

4465666(646.), 40. 994 509.
505. ·

44466446, 66. 66 66411661, 99.
96.

465664,16666’6’.4., 995.

4465664 14, 654464ιί6 66 reru,
544. 544.

465114 44, 661146 ie 4411661,
574. 575. 577.

4465664, ἑν. 6246, 554. 546.

66466,ει.466.,4οθ.-6·4.,
559. 549.

4465664, roi 66 411661, 996.
949. 994. 997. 500. 466.
590. 595.

4666146 ou 464646, 1556 66 st.-
Berfin, 976. 590.

46664656, 666 de 6156, 564.

4666446, 95. 405.

46664656, 46. 66 4166, 96.
494.

4466646146, 4114466464 66 4664416
6’4., 949.

Roget 66 4416646,1’6. k c..
509.

 

