111 nous 11 1111111111. effi

1111111..11.’ 11 noyn, 70. tubat, 1. 1111111117.

, 1111811111111111181111, affl 11118111,1ι111111.1111, 888.

11118811, 160. 816. 810
1111111111,μμ,787.111. nnbat, eunte ἆυ tanin,
871. 117. 118. 119. 188. 186.

11111711,1-78.870. 181. 181. 188187. 171.
mmai. 317. 873.
71111,111111 11 cmm. 89. tubat 11 011111,11. ‹1⁹12-

106. 111. 118188. 111, 881. 871. 817. 888.
nidore 11 8111111, 8. 818. 11111111,1’1.1’01111, 868.

877. ’ 11111111(81.),181.181. 188.
meme-Ml& 111. 8061

s. 1111111111), 11. 11 lau,
1111, ahu 17111111111, 191. 111. 809. 810.
lm, 11181 11 81.-71111, 811. 81111111,11«,181
lm, 11111111111, 818. 819. 111111, 107.

330. 111. 111. 111. 171. 1111111,1ο1.’111,111.

587. 810. 8881 luduin, 18861181·71111,111.
11111,1111’011171,880. 111. 118. 117. 118. 181.
11111,1οι11111111“111111171,801. 176. 187. 811. 810. 881.
7117711 61111, 1. 011111 ΙΙ. teger (st. ), 17. flatu, 88,
1111111 01111111, 818. 18.
7111,μμ,17. 18. Le 11111 (ΑΜ), 181. 188
11111, xvi, pape, 179. 808. 816.
sm ( 11), ἐν. 111., 76. 77. 11111’01111,816.

78. 80. 81. 88. 87. 188. 11111111,11.1181111111,19.

188. 187111. [mmmm 11111111 80111·
leur, 111111 11 (7., 1181181 ghent, 177.

169. 11111111, ancien 1111111111 11
1111111711), 77. 707. 111. ηοιιωιῑιιιήιοὶμωιι 11111-
111111111, 881. 7111111 11 (1., 118.
lule· 01111, 6. 7. 8. 100. 11111111,11.110.111Ἂ.,808.

101. 101. 818. 881. 118. 198. 811.
711111(81.), 811. 818. 817.

1. 1111111. 11. 111., 808. 888.

[tigal. dernier 111111 11 Mont- 891. 871. 871.
sniumei, 118. leem (1111111),106. 107. ,

 

