01131111,1.11111111111. 1111111111 (111111111’),191.
0111111111 11111, 95. 109. 11111111,11111111111111111111

105101. Sto· unxelknde, 15.
(11131111 V, pape, 179. 180. 1111111111οω1, 11. demon,

189180. 919. 975. 971. 970. 500.
(1111111110, 5110501180. 019.

010. 000, 009. 000. 1111111111 de 11111161.
(indulcata-Lm· 111111, premier 111111 11 11.-
01111111 (11. Β. ), 199. 110. Vnst, 199.

61111111 (1.11111111111 11 ),191. 11111111111,11111111111 de 1111..
edfrid, 11111 de 11.·Αι111 11 11-1111111111111, 09. 159.

011111,509. 179. 111111-11-0111111111, duc de
(1111111111 Cliton, 1111111 11 ι1“111111,117. 160.171.100.

1111111, 580. 070. 11111111,11111111111111111111,
0111111111, (hc 11 1111111111, 111111111111,180.187.

108. 1111111 11,111111111,00. 187.
1111111111-1111111111,070. 188. 955. 915. 989. 905.
(1101111111.),1111111111111111111 970. 999. 995. 990. 511.

111111,11111119911111851, 199. 180. 019. 115. 091.
“· 110. 1101. 059. 111111 111, cuperent 1011111111,
11111111,1111111’11111111 591. 595. 550. 551. 051.

c„ 73, 050. Ι
111111111111111111111, 11. do (1., Emi lv, euperem· 1111111111,

09. 150. 501. 571. 570. 001. 009.
011111,1111111.110.,551, 1111111. euperem 1011111111,
1111111 (1.111, 111111111Λ11- 570- 569·

11111111 1111111111, 1101109. flenti, 111 de 11111111, mute

001. 007. 009. 055. · de 1111111111, 900.
nemnem.. 009.

¹¹· 1111011111, 111111 tle st -111111111,
11111111, 11. 11 (1.,08. 09. 908.

lundunam 1111111111, 159. nanim, 90.
πιμ1111,105. 1111111111,111111 de stavunt,
1111111111, 11. 11111111, 900. 199.

995. 1111111111, 1111111. de 01111111,
aalma, 11.110.,05. 80. 901. 999. 189.

00155. 151. 111110111111111111111111, m.

 

