—av-——n-——u—

0116 Nonis M 9911606699.

0111. 11. 11111, 608. 611.

611. 661. 666.
odon 11 111111, 111111 de
, (1111111111, 919. 991. 600.
690. 696.
011111,111111111, 660. 666.
01111(81.),1’1-,91. 66111.
011111111111, 616. 666.
011111, e'v. 11 811111, 98.
01μ1,11. 11111111, 98.
01111111, 111111111Λ1. 109.
110. 118. 119. 191. 196.
9601111111.
0111111,111111111, 111. 161.
169. 166. 168. 160. 169.
111.119.180.
otton 111, 111111111101111111,
116. 116. 116. 111. 189.
186186180. 186. 181.
01111, eunte 11 vermandois,
911. 609. 606,
otton, 11111 1111111, 961.
01111, 6111’116111,111111 11
vermandois, 119. 160. wi.
111.
0111561111, 11111111111 11
1111111, 116111. 669.
ouen ou 111111, archa. 18.
1²

’ 11111111 1111111, 118.
1111111 11, prpe, 616. 669.
Paul 1111111, 691.

Paul 01111, 691 .
1111161111, 11 , 18.
11111111 ( 11. G. ), 106.

»ellico ( 111111), 618.
11111 1111111111, 161. 601.

-ι-

11111-11-11111, 606. ,

megrim 111 11111111, 1111111.
11 (1111ἦ11,961. 999. 699.

1111111111, 1111111111111111111,
189.

1111111111( st. ) ‚ 996.

111111, :hbe 1111111111, 669.

161111, 11111111 81-11111, 688.

11111111’111111,1’1. dec.. 109.
610. ’

111111 11 111111 1111111,1111-
pnpe, 681. 699

11111(11.), 691.

1111111111, 690.

11111111, 1111111111111.111 r(-
re'sr'er, 669.

Polline (111. ), 916.

111111, 1111111111 11 11111111,
108.

1111111111. 11111111, 996.

111111(1).Λ1111’),1111111’111 ·

amnique 11 6111111, 111.
661. ,

11111111 (11.), 11.-111. 11
meaux, 609.

Prosper, chrmiquerr. 106.

1111111111, chan. 1111.. us,

1111111, 616.
R

Rrepsaet, 106.

1151111111, roi 11 G.. 9. 101
11.

1111111111, 119.

1111111111, 111111111111111111,
996.

11111111, v. 111111 11.

11111111,111111 11 1111 11 11

 

