m

nsss Nous 118 mox.

01111, 94. 01111111,441.

011, 46. 544. 599, - (814 en
Tomis, 419.

01111111, 0111111111, 0111, 546.
547. 548. 549. 544. 546.
556. 575.

Ρ.

paluel, 564.

111, 994. 500.

11111111,111. 89.

8111111,Ρ1’111111117111111114111,
40. 417.

Petrum, 151. 48611 1111161
1111111111· 11111111,11. 46.
Poma 111 &videnum 41
11111 11111111 du 011111.

11111111, 540. 599.

1111111,510.

1111111,Ρ11δ111, 460. 478.
1111111111, 45. 447.
Ponticum, 55.
1111111011, 545. 541. 1111911111,
544.
1111111111 (11), Sl.-Pn'x, 905.
494.
Q.
Qnie'ming, 599.
quitinaborch , 011111151119,
478.
11

8111111011, 46. 8111111111, 449.

1111111111, 5111111, 510. 599.

nimia pugn, 510.

nomm, 11111111, 447. 940.
508.

mins, 111.

1118111 111111,41.11111·111111,

449.

595

Ἣ

8101111111, 540. 599.
8.

Subnectam, 94. 81115111 441.

salliacum, suiuy, 494, 469.
488.

8111111111, riv„ la 8111511, 476.

81111111, 8111111111 81111111, 969.
546.

saneti, 811111-111-14111111111,
946. 498.

8111111111111111, 449.

811111 (81.-), 505.

8116116111, 46. 419.

8111111111 11 8111111111, 476.
485.

81111, riv.. 111 81111, 485. 486.

sealdis, 8111111, scalda, 811111-
111, rum. 8., 115. 940.
555. 556.

schelza, 504.

8111111, 111, 84.

81511111, 556. 555.

811111, Melane, 574. 564.

81111111, 58. 4411.

81111 8. 8111111111,58. 446.

8111111, 811111111, 445. 468.

solnm, 540.

81111111, 46. 49. 81111111, 419.
8111111111 11411, 68. 81111111,
455.

81111111111 pagus, 404.
8111111, 81111111, 81111111, 8111·
111, 8., 9. 404.
81111εά11, 81191111, 944. 509.
Τ.
Ι11111111, much, 485. 486.
'tiliodium Tillo„ 485. 487.

58

 

