DES 440448 DE 8488084488.

nimphe 44 1444444444, e'v. 44
0. et 444., 488. 480489.

144444, bv. 44 84444444, 878.
878. 886. 849. 880.

1444444414, 4444 444444, 844.

444444414, 44 44 0. 44 444., 88.
89. 88.

4444444 ( nou u. ), 4444444 4444-
544444 44 444.-444444 444 0444444,
(loyen 44 mahange, 388. 398.
447. 486. 844. 884. 849.

14444444, archev. 44 744444, 77.
488.

44444144, 4444444444 4444144·
44444· 04444444, 384.

144444444, 407.

alitem, 44444444 40444444,
869.

”“ 44444,44μ.,448. 468.

4444444444, bv ,48.

44444 (vnn 4444), 4404444444,
448. 494.

mum (044444), 448.

nmo, bv„ 384.

4444444, 4444444444· 4044444, 440.
484. 487.

’8444444 archev· 44 04444444,
409. 487. 434. 486. 484.
473. 809.

14444444, v. 044ἦοί44 vl.

Bnlgiou, 4444 444 1444444444,
444. 488.

4444444444, ev. 44 0., 308. 378.
879. 388. 386. 868. 807.
868. 870. 874.

44444444, 4444444444 4414 4444444,
889.

897

C.
04444444 u, pape, 880. 884.
887. .
0444444444444444 ( 44. F. 44), 833.
0444444444, 4444444444 44 04444-
4444, 486. 487. 447. 469.
498. 844. 886. 878.
Cassan, 473.
0444444444, 884.
cencius Camerarius, 878.
044444ωμ4,808. 808 848.
0444444-44-4444, 444444 444 4444-
444, 388. 388. 868.
cheden-lemare, 77. 78. 79.
809.
0444444-4444444, 880. 479.
Chala-Quint, 498.
0444444114, 444148444414, 400.
408. 403. 404. 888. 448.
488. 488.
0444444-44-(4444, 444 44 Franco,
89.

0444444. 44444 du 444 44444444,
449. 488. 884. 474. 477.
childeberte 444 040444444444,

848. 496.

0444444444, roi 444 4444444ιί4444,
38. 40.

0441444444, 479.

0444444444, 4444444444· 44 444-
4444444, 80. 484.

christophe, ἐν , 48.

0444444444, ἐν. 44 04444444, 89.

0444444444, 4444444444 de 44444444,
380.

0444444444-44444444] (md, )‚ 806.

04444448. 9. 87408403 404.

 

