181. 801. 881. 811. 817. 1111111111, 1881υ1 111 0111111-
11181111,111μ11π,67. 70. 71. burg, 178. 181.
11181111 n, euperem 1111111- mathilde, 1111111111 Modo.
11111, 881. 898. 868. 810. 809·
11181111, 111 1111111111, 180. 1111811111, 1111111 111111 11111-
188. 188. 161. 168. 166. 11111111111,881.
171. 180. 1111811111, 111111 11Ἂη11111111
11181111, 111 81 1118111η11, 181.
78. 76. 77. 79. 188 187. 1111111, 198.
111111-11·111’8111111111, 60. 66. Ι1υ11111111111111(81.),10
810. 181. 888. 11.
1111111-0111111111111, 80. 11111111111 (ste. ),,18. 117.
111118011111111, 108. 188. 11111111,18“1.
11111111, 111 de 111111, 898. meginun, 11. 81 71111,89.
1111111, 11. 111 11111111, 808. 1811111, 101.
111111,111111111111111111 11
Mn, 188. 801. 888.
1111111111, 80. 88. 1111811, 1111111111 1111111166.
11111111(81.),11.1111111111, 11111111,11.11Τ11111,89- 1
88, 88. 11111811, poblo· 111111111111.
11111111, 111811. 111 1111111, 170. 811. 1
878. 878. 860. 11.
1111111111, 11.1110.,808. 870. 11111111,111111111111,178.171 1
571. 887. 888. 889. 860. 179. 180.
11111111, 11- (11 01111111, 98. 11111111, 888. 1
111111,111111111181 ffle'ge, 18. 11111111, dv. 18.
1111111, 1111111 du 81111111, 1111111111», 78. 711. 1
188. 181. 1111111 Ι“., ev. 111 0., 808
111111111611111, 881. 111811111111111131, 322533. 1
1111111, 11111 aunuatim, 1111811 111 notger, 1111111111
198. 160. 166. 178. 176. 178.
1111111, ἐ1.,18. 880 181.
1111111111, 111181 do 1111111111 ⁰ ι
1,,111. 111,.111111.1.1.,111.
11111111, 1118111111, 111111 011111, 81111111111 G. 111111 1
1111111 6811111111 «atumem, 111 neumis, 118. 1
1111111111. 111,1.1.11111111,11.1

 

