111111, 1111 1111 nom,
116. 501.

loqueum (11. de), 111.

antbert, 111111. 111 111111,
110111.

antbert, 111111 de 81111111,
115.168.

notger, 1111111. 11111111101.

anthad, 11. de 0.,159. 117.
191. 199. 119. 118. 181.
505.

1111111111, 11. 11 81111111, 61.
151.

111111,11. 11 G„ 89. 159.

1111111, 1111111 nont-st-nloi ‚
115.

mola (11.), 111.

,811111-1111111 (11111111), 505.

machilde 111 1111111111, 51.

8111 (st), 1111 1111111111,
551. .

81111111,1“11111 1111111111 11
1111111111 111111 111 nomin,
115.

8111111111 (811), 118188.

811111 (st), 119.

seddim, 585.

811111,111111111(111.111, 195.

8111111, 11111 dn 111111111 do
c.‚ 198.

81111, 11. 11111111 1111111139.

8111111, 111111. de 1111111, 99.

siagria, 1111111111 11. ie C.
101101. ¹

sigeium, derodendum, 111.

-κ--ιι--ὴιϋσ-ιι-ια-ι-κ-

1118 11018 1111 1118051188.

601

sigebert 11 1111111111, 101.
106. 159. 188. 508. 511.
515. 516. 519. 510. 511.
551. 559. 556.

sigebert, 111 1111111111, 111.
500.

niger 11811111 1111111, 111·
111111111111111, 558555.

silvestre 11, v. 11111111.

811111, 11., 18.

Simon, 1111 de St.·Ghi!lnifl,
166.

sinon 110111, 565. 558. 515.

sindulfo, 1111 vienne, 19.

811111ζύ111εᾶ11111111111111.
118. 199. 181. - >

8111111111, 11111111 11 G..
106.

811111, 510.

8111111-111111111, 105.

Sulpico, 11. 111111ς11,19.

Superior, 11. (111 ueniens.
108101.

8111111, ebs-unimur, 115.

Τ.

111111,516.

1111111111, 118.

11111111, 1111111 1 1111111111
11., 15.

111111, 11. 11 (1.,111. 151.
169111.

’1111111111 1111111111, 11. de G..
66. 61. 68. 69. 11. 110.
111. 151. 159.

1111111111 1111111111,111 1111
11111111, 51. 59. 11. 15. 18.
116.181.199. 501.

 

